version https://git-lfs.github.com/spec/v1
oid sha256:bfefb8f645a02fdf311c57f46a97ddc8a5b6a5d14c752451cad139f12caa61c7
size 222834
