version https://git-lfs.github.com/spec/v1
oid sha256:9e2c4870b55d010a20d231eb70f53d8c0813c0fe01af8c7f8f96ce0ee1253209
size 180489
